[gd_scene load_steps=23 format=3 uid="uid://3qwbw1ikqfcx"]

[ext_resource type="PackedScene" uid="uid://vne0g6db71bq" path="res://Map_element/barier+ground/static_body_3d.tscn" id="1_rj11h"]
[ext_resource type="PackedScene" uid="uid://bihx6qd6hllbr" path="res://Player/Player.tscn" id="1_yh5la"]
[ext_resource type="PackedScene" uid="uid://dwig2fbcvuf6h" path="res://Map_element/kwiatuszek1.glb" id="2_l5bfp"]
[ext_resource type="PackedScene" uid="uid://dx05x3e7qmsb8" path="res://Map_element/zamek/zamek.tscn" id="2_qac2q"]
[ext_resource type="PackedScene" uid="uid://d0onca810a8q" path="res://Map_element/tree_2/tree_2.tscn" id="3_f3gf5"]
[ext_resource type="PackedScene" uid="uid://ba28u21brsj67" path="res://UI/Main Menu Etc/main_menu.tscn" id="3_liyct"]
[ext_resource type="PackedScene" uid="uid://oonygbl7t5sb" path="res://UI/Main Menu Etc/Pause_Menu.tscn" id="4_ib3t1"]
[ext_resource type="PackedScene" uid="uid://bgvau7n1w1ogg" path="res://Map_element/tree/tree.tscn" id="4_rix8b"]
[ext_resource type="PackedScene" uid="uid://bsnk0vv4jychs" path="res://UI/Player UI/reload.tscn" id="6_rj11h"]
[ext_resource type="PackedScene" uid="uid://1ceg6p38g2ya" path="res://UI/Player UI/runda_control.tscn" id="7_ib3t1"]
[ext_resource type="PackedScene" uid="uid://b5cgvfnos2agm" path="res://UI/Player UI/health.tscn" id="7_rix8b"]
[ext_resource type="PackedScene" uid="uid://deefig0pafbas" path="res://Main/spawner.tscn" id="8_f6fdm"]
[ext_resource type="PackedScene" uid="uid://drldidi36sesp" path="res://UI/Main Menu Etc/instruction.tscn" id="13_rix8b"]
[ext_resource type="PackedScene" uid="uid://bv8i26ayqplgu" path="res://UI/Main Menu Etc/death_screen.tscn" id="14_0jx5h"]
[ext_resource type="PackedScene" uid="uid://bm1xl5l5ari26" path="res://Map_element/hwaławielkimuksinpizingowi.glb" id="14_uhr2j"]
[ext_resource type="PackedScene" uid="uid://b41ec1kibipeg" path="res://Map_element/monolit.glb" id="16_guo5i"]
[ext_resource type="PackedScene" uid="uid://dtp1gma2db2um" path="res://Assets/3D/bush.glb" id="17_guo5i"]

[sub_resource type="NavigationMesh" id="NavigationMesh_qvhan"]
vertices = PackedVector3Array(-78.9429, 1, -64.9481, -78.9429, 1, 65.0519, 79.0571, 1, 65.0519, 79.0571, 1, -64.9481)
polygons = [PackedInt32Array(3, 2, 0), PackedInt32Array(0, 2, 1)]

[sub_resource type="StandardMaterial3D" id="StandardMaterial3D_rj11h"]
albedo_color = Color(0.283452, 0.409411, 0.198268, 1)

[sub_resource type="ProceduralSkyMaterial" id="ProceduralSkyMaterial_yh5la"]
sky_horizon_color = Color(0.662243, 0.671743, 0.686743, 1)
ground_horizon_color = Color(0.662243, 0.671743, 0.686743, 1)

[sub_resource type="Sky" id="Sky_2w1kt"]
sky_material = SubResource("ProceduralSkyMaterial_yh5la")

[sub_resource type="Environment" id="Environment_qvhan"]
background_mode = 2
sky = SubResource("Sky_2w1kt")
tonemap_mode = 2

[node name="Main" type="Node3D"]

[node name="Label3D" type="Label3D" parent="."]
transform = Transform3D(1, 0, 0, 0, 1, 0, 0, 0, 1, -0.0152934, 3.09886, -8.18024)
text = "\"W\",\"S\",\"A\",\"D\" - to move around
\"Left_Click\" - to shoot
\"1\",\"2\" - to change weapons
\"C\" - crouch/slide
\"Shift\" - sprint
\"Enter\" - start round
Sprint Jump Into Walls To Slide On Them
Shoot Under You To Gain Momentum
Have Fun!"
font_size = 50
horizontal_alignment = 0

[node name="world" type="NavigationRegion3D" parent="."]
navigation_mesh = SubResource("NavigationMesh_qvhan")

[node name="CSGCombiner3D" type="CSGCombiner3D" parent="world"]
use_collision = true

[node name="CSGBox3D" type="CSGBox3D" parent="world/CSGCombiner3D"]
size = Vector3(158.886, 1, 130.896)
material = SubResource("StandardMaterial3D_rj11h")

[node name="random_item" type="Node3D" parent="."]

[node name="hwaławielkimuksinpizingowi" parent="random_item" instance=ExtResource("14_uhr2j")]
transform = Transform3D(0.185, 0, 0, 0, 0.185, 0, 0, 0, 0.185, -5.14921, 6.58893, 10.9478)

[node name="kwiatuszek1" parent="random_item" instance=ExtResource("2_l5bfp")]
transform = Transform3D(1, 0, 0, 0, 1, 0, 0, 0, 1, 7, 0.49227, 19)

[node name="kwiatuszek2" parent="random_item" instance=ExtResource("2_l5bfp")]
transform = Transform3D(-0.319373, 0, -0.947629, 0, 1, 0, 0.947629, 0, -0.319373, 44.8105, 0.49227, 0.641094)

[node name="kwiatuszek3" parent="random_item" instance=ExtResource("2_l5bfp")]
transform = Transform3D(-0.319373, 0, -0.947629, 0, 1, 0, 0.947629, 0, -0.319373, 3.1183, 0.49227, 0.641094)

[node name="kwiatuszek4" parent="random_item" instance=ExtResource("2_l5bfp")]
transform = Transform3D(-0.319373, 0, -0.947629, 0, 1, 0, 0.947629, 0, -0.319373, 12.8743, 0.49227, 7.71717)

[node name="kwiatuszek5" parent="random_item" instance=ExtResource("2_l5bfp")]
transform = Transform3D(-0.319373, 0, -0.947629, 0, 1, 0, 0.947629, 0, -0.319373, 12.8743, 0.49227, -13.2828)

[node name="kwiatuszek6" parent="random_item" instance=ExtResource("2_l5bfp")]
transform = Transform3D(-0.319373, 0, -0.947629, 0, 1, 0, 0.947629, 0, -0.319373, -9.37501, 0.49227, -4.91531)

[node name="kwiatuszek7" parent="random_item" instance=ExtResource("2_l5bfp")]
transform = Transform3D(-0.319373, 0, -0.947629, 0, 1, 0, 0.947629, 0, -0.319373, -9.37501, 0.49227, -27.2615)

[node name="kwiatuszek8" parent="random_item" instance=ExtResource("2_l5bfp")]
transform = Transform3D(-0.319373, 0, -0.947629, 0, 1, 0, 0.947629, 0, -0.319373, 14.766, 0.49227, -36.6678)

[node name="kwiatuszek9" parent="random_item" instance=ExtResource("2_l5bfp")]
transform = Transform3D(-0.319373, 0, -0.947629, 0, 1, 0, 0.947629, 0, -0.319373, -18.939, 0.49227, -36.6678)

[node name="kwiatuszek10" parent="random_item" instance=ExtResource("2_l5bfp")]
transform = Transform3D(-0.319373, 0, -0.947629, 0, 1, 0, 0.947629, 0, -0.319373, -35.2122, 0.49227, -16.0988)

[node name="kwiatuszek11" parent="random_item" instance=ExtResource("2_l5bfp")]
transform = Transform3D(-0.319373, 0, -0.947629, 0, 1, 0, 0.947629, 0, -0.319373, -0.940016, 0.49227, -18.3212)

[node name="kwiatuszek12" parent="random_item" instance=ExtResource("2_l5bfp")]
transform = Transform3D(-0.319373, 0, -0.947629, 0, 1, 0, 0.947629, 0, -0.319373, -24.1033, 0.49227, 1.62411)

[node name="kwiatuszek13" parent="random_item" instance=ExtResource("2_l5bfp")]
transform = Transform3D(-0.319373, 0, -0.947629, 0, 1, 0, 0.947629, 0, -0.319373, -33.4362, 0.904825, 17.989)

[node name="kwiatuszek14" parent="random_item" instance=ExtResource("2_l5bfp")]
transform = Transform3D(-0.319373, 0, -0.947629, 0, 1, 0, 0.947629, 0, -0.319373, -14.0843, 0.904825, 11.899)

[node name="kwiatuszek15" parent="random_item" instance=ExtResource("2_l5bfp")]
transform = Transform3D(-0.319373, 0, -0.947629, 0, 1, 0, 0.947629, 0, -0.319373, -9.03312, 0.904825, 27.9379)

[node name="colision_on_object" type="Node3D" parent="."]

[node name="StaticBody3D" parent="colision_on_object" instance=ExtResource("1_rj11h")]
transform = Transform3D(1, 0, 0, 0, 1, 0, 0, 0, 1, 0, -9.26414, 0)

[node name="StaticBody3D2" parent="colision_on_object" instance=ExtResource("2_qac2q")]
transform = Transform3D(0.68, 0, 0, 0, 0.68, 0, 0, 0, 0.68, 0, 0.177241, 8.87063)

[node name="StaticBody3D3" parent="colision_on_object" instance=ExtResource("3_f3gf5")]
transform = Transform3D(1, 0, 0, 0, 1, 0, 0, 0, 1, 7.09901, 0, -28.5558)

[node name="StaticBody3D7" parent="colision_on_object" instance=ExtResource("3_f3gf5")]
transform = Transform3D(1, 0, 0, 0, 1, 0, 0, 0, 1, 34.6714, 0, -17.107)

[node name="StaticBody3D8" parent="colision_on_object" instance=ExtResource("3_f3gf5")]
transform = Transform3D(1, 0, 0, 0, 1, 0, 0, 0, 1, 31.1551, 0, 15.321)

[node name="StaticBody3D9" parent="colision_on_object" instance=ExtResource("3_f3gf5")]
transform = Transform3D(1, 0, 0, 0, 1, 0, 0, 0, 1, -34.1556, 0, -7.05807)

[node name="StaticBody3D10" parent="colision_on_object" instance=ExtResource("3_f3gf5")]
transform = Transform3D(1, 0, 0, 0, 1, 0, 0, 0, 1, -14.609, 0, -30.5656)

[node name="StaticBody3D11" parent="colision_on_object" instance=ExtResource("3_f3gf5")]
transform = Transform3D(1, 0, 0, 0, 1, 0, 0, 0, 1, 16.1333, 0, 28.8595)

[node name="StaticBody3D14" parent="colision_on_object" instance=ExtResource("3_f3gf5")]
transform = Transform3D(1, 0, 0, 0, 1, 0, 0, 0, 1, -17.6903, 0, 20.249)

[node name="StaticBody3D4" parent="colision_on_object" instance=ExtResource("4_rix8b")]
transform = Transform3D(1, 0, 0, 0, 1, 0, 0, 0, 1, 42.4098, 0, 4.63762)

[node name="StaticBody3D6" parent="colision_on_object" instance=ExtResource("4_rix8b")]
transform = Transform3D(1, 0, 0, 0, 1, 0, 0, 0, 1, -27.469, 0, -27.2274)

[node name="StaticBody3D5" parent="colision_on_object" instance=ExtResource("4_rix8b")]
transform = Transform3D(1, 0, 0, 0, 1, 0, 0, 0, 1, -1.22172, 0, 23.4186)

[node name="StaticBody3D12" parent="colision_on_object" instance=ExtResource("4_rix8b")]
transform = Transform3D(1, 0, 0, 0, 1, 0, 0, 0, 1, -21.4729, 0, 8.52719)

[node name="StaticBody3D13" parent="colision_on_object" instance=ExtResource("4_rix8b")]
transform = Transform3D(1, 0, 0, 0, 1, 0, 0, 0, 1, -10.014, 0, -14.4326)

[node name="enviroment" type="Node3D" parent="."]

[node name="WorldEnvironment" type="WorldEnvironment" parent="enviroment"]
environment = SubResource("Environment_qvhan")

[node name="DirectionalLight3D" type="DirectionalLight3D" parent="enviroment"]
transform = Transform3D(-0.866025, -0.433013, 0.25, 0, 0.5, 0.866025, -0.5, 0.75, -0.433013, 0, 0, 0)
shadow_enabled = true

[node name="Player" parent="." instance=ExtResource("1_yh5la")]
transform = Transform3D(1, 0, 0, 0, 1, 0, 0, 0, 1, -1.64654, 1.35222, 1.36462)

[node name="Spawner" parent="." instance=ExtResource("8_f6fdm")]
transform = Transform3D(1, 0, 0, 0, 1, 0, 0, 0, 1, 3.10995, 1.32163, -3.96726)

[node name="Spawner2" parent="." instance=ExtResource("8_f6fdm")]
transform = Transform3D(1, 0, 0, 0, 1, 0, 0, 0, 1, 38.2804, 1.32163, -3.96726)

[node name="Spawner3" parent="." instance=ExtResource("8_f6fdm")]
transform = Transform3D(1, 0, 0, 0, 1, 0, 0, 0, 1, 21.6272, 1.32163, -28.7249)

[node name="Spawner4" parent="." instance=ExtResource("8_f6fdm")]
transform = Transform3D(1, 0, 0, 0, 1, 0, 0, 0, 1, -7.04249, 1.32163, -28.7249)

[node name="Spawner5" parent="." instance=ExtResource("8_f6fdm")]
transform = Transform3D(1, 0, 0, 0, 1, 0, 0, 0, 1, -23.7065, 1.32163, -13.4625)

[node name="Spawner6" parent="." instance=ExtResource("8_f6fdm")]
transform = Transform3D(1, 0, 0, 0, 1, 0, 0, 0, 1, -33.9202, 1.32163, 7.77296)

[node name="Spawner7" parent="." instance=ExtResource("8_f6fdm")]
transform = Transform3D(1, 0, 0, 0, 1, 0, 0, 0, 1, 5.78393, 0.73799, 19.8402)

[node name="Spawner8" parent="." instance=ExtResource("8_f6fdm")]
transform = Transform3D(1, 0, 0, 0, 1, 0, 0, 0, 1, 48.3254, 0.73799, 13.0846)

[node name="CanvasLayer" type="CanvasLayer" parent="."]

[node name="Health" parent="CanvasLayer" instance=ExtResource("7_rix8b")]

[node name="Runda_Control" parent="CanvasLayer" instance=ExtResource("7_ib3t1")]

[node name="Reload" parent="CanvasLayer" instance=ExtResource("6_rj11h")]

[node name="Main_Menu" parent="CanvasLayer" instance=ExtResource("3_liyct")]

[node name="Pause_Menu" parent="CanvasLayer" node_paths=PackedStringArray("main_menu") instance=ExtResource("4_ib3t1")]
main_menu = NodePath("../Main_Menu")

[node name="Death_Screen" parent="CanvasLayer" node_paths=PackedStringArray("main_menu") instance=ExtResource("14_0jx5h")]
visible = false
main_menu = NodePath("../Main_Menu")

[node name="Control" parent="CanvasLayer" instance=ExtResource("13_rix8b")]
visible = false

[node name="monolit" parent="." instance=ExtResource("16_guo5i")]
transform = Transform3D(1, 0, 0, 0, 1, 0, 0, 0, 1, 2.61567, 1.02375, 9.70995)

[node name="monolit2" parent="." instance=ExtResource("16_guo5i")]
transform = Transform3D(1, 0, 0, 0, 1, 0, 0, 0, 1, 53.6116, 0.852852, 14.1208)

[node name="monolit3" parent="." instance=ExtResource("16_guo5i")]
transform = Transform3D(1, 0, 0, 0, 1, 0, 0, 0, 1, -33.4093, 0.852844, 4.41538)

[node name="monolit4" parent="." instance=ExtResource("16_guo5i")]
transform = Transform3D(1, 0, 0, 0, 1, 0, 0, 0, 1, 21.9252, 0.852844, -22.6116)

[node name="bush" parent="." instance=ExtResource("17_guo5i")]
transform = Transform3D(1, 0, 0, 0, 1, 0, 0, 0, 1, -27.1083, 0.223437, 29.8061)

[node name="bush4" parent="." instance=ExtResource("17_guo5i")]
transform = Transform3D(1, 0, 0, 0, 1, 0, 0, 0, 1, -42.1153, 0.223437, 14.7105)

[node name="bush5" parent="." instance=ExtResource("17_guo5i")]
transform = Transform3D(1, 0, 0, 0, 1, 0, 0, 0, 1, -49.3314, 0.223437, -13.079)

[node name="bush6" parent="." instance=ExtResource("17_guo5i")]
transform = Transform3D(1, 0, 0, 0, 1, 0, 0, 0, 1, -33.9487, 0.223437, -31.3974)

[node name="bush7" parent="." instance=ExtResource("17_guo5i")]
transform = Transform3D(1, 0, 0, 0, 1, 0, 0, 0, 1, -21.6583, 0.0265822, -45.2178)

[node name="bush8" parent="." instance=ExtResource("17_guo5i")]
transform = Transform3D(1, 0, 0, 0, 1, 0, 0, 0, 1, 8.62517, 0.179792, -44.5791)

[node name="bush9" parent="." instance=ExtResource("17_guo5i")]
transform = Transform3D(1, 0, 0, 0, 1, 0, 0, 0, 1, 29.6255, 0.179792, -37.0048)

[node name="bush10" parent="." instance=ExtResource("17_guo5i")]
transform = Transform3D(1, 0, 0, 0, 1, 0, 0, 0, 1, 49.3095, 0.118078, -19.956)

[node name="bush11" parent="." instance=ExtResource("17_guo5i")]
transform = Transform3D(1, 0, 0, 0, 1, 0, 0, 0, 1, 60.062, 0.108381, 0.16062)

[node name="bush2" parent="." instance=ExtResource("17_guo5i")]
transform = Transform3D(1, 0, 0, 0, 1, 0, 0, 0, 1, -4, 0.230767, 37)

[node name="bush3" parent="." instance=ExtResource("17_guo5i")]
transform = Transform3D(1, 0, 0, 0, 1, 0, 0, 0, 1, 31.6122, 0.287455, 42.6337)
